1. Eclipse 中指定的文本编码是一种外在的东西,而不是文件的一种属性,所以只在当前的Eclipse环境中有效.
 如果Eclipse的文本编码下拉菜单没有GBK的选项,可以手工输入.这一点我原先没有意识到,总以为只能从下拉菜单选择.
 事实上是可以直接输入任意编码名称的,而且输入过一次,下次菜单中就有了.
 
 2. 全盘使用UTF-8之后,原先的AWT程序运行时button上的文字不能正确显示,不像乱码,每个汉字显示一个正方形框框.
 解决方案是在运行AWT程序时加入JVM参数(-Dfile.encoding=GBK). 目前的猜测是AWT在调用底层的图形库时,仍需转换
 字符编码(有java内部的Unicode UTF-16 到操作系统的默认字符集), 也可能是相关的字体没有正确加载.
 
 其实这也是Eclispe WEB开发时的一个常见问题,之所以现在才碰到,是因为之前的WEB开发主要服务于欧美客户,没有相关的中文问题.
 有时候偶尔遇到了,也没有在意.比如有些特殊字符,如汉字导致不能 保存文件.
 


log4j-1.2.14.jar
commons-logging/commons-logging/1.1/commons-logging-1.1.jar
JUNIT
commons-lang-2.4.jar


对于气短的块，分析其气点：
不能长气：(扣掉一手棋的花费，等于少了一气；还不如不下。)
能长一气；比如一线的气点。(扣掉一手棋的花费，等于没有长气；)
能长二气：比如二线的气点。(扣掉一手棋的花费，等于长一气；)

长气的简单应对是紧气；
新局面继续评价气点。
没有能长二气的点是一个重要的标志。可能就是要被吃住了。

2. 最近在看死活题时,总觉得有些变化自己没有把握,而答案中又没有明示. 由此想到一个问题,即我们根据什么来确定
一个变化是否值得研究,有可能是正解.有没有可能动态的积累一些统计信息来指导搜索.
先手程度的判断.
有的先手是绝对的.有的先手是相对的.尤其是死活题,往往需要打破常识.比如反打之类.
有的先手之所以明显,是因为在极短的手数之内,能够看到效果.(到达某些易于识别的最终状态,比如两眼活棋)
此处的上下文是<实用围棋死活200题>第190题(第206页).
所有可能的点:
(1,1), (1,3), (1,4), (1,5), (1,6), (1,7)	6
(2,1), (2,4), (2,6)							3
(3,4), (3,5), (3,6)							3
(4,4), (4,6)								2
 总共14个候选点. 按14!计算,有约10的13次幂个变化.
 按3的14次幂计算约有10的7次幂个状态
 死算没有出路.
 具体到这个局面,
 1.因为黑有一个做眼的好棋,白方第一个应该优先考虑.
 2.要识别到对杀的存在.对方有一个的先手系列.
 3.
 所以对杀是比死活更基础一些.

1/8/2012 7:48:44 PM
要做死活计算,需要先有初步的强弱判断. 比如棋子的连接性.否则都没有办法知道要处理的局面是死活相关的问题.

气数可以用于判断形状.
自己的两块棋有一口公气. 	一间跳.
两口公气									小尖
自己的两块棋或三块棋有三口公气									虎口
四口
 
 
形状的知识表达非常有意思,以前没有注意到.
1 小尖相连.
2 一间跳连接.
3 小飞连接.
4.

要能识别断点.其次是断点的成立与否?
能连接才有所谓断点. (公气即连接点)
一口公气才有可能断开.两口公气.(本身是断不开的)
(意外的情况包括,连上之后气紧. 或者

断开的识别: 十字扭断的形状. 共享两颗敌子.
 
 
 
 SharpSense 
 <Unseen hard Life & Death Problems>
 <Unseen moderate Life & Death Problems>

Thomas Wolf, Yutae Seo
July 13, 2011
8
 
 
 gotools not free.
 
 goproblems


有些日子没有做Java开发了. 在Windows 7中使用Eclipse还遇到挺多问题.
一个是要将非Unicode程序的编码设置为中文.
另一个是要重新生成run config. 否则总是不能启动程序.

上次将eclipse的JRE指向JDK之后,JDK 升级之后又有了新问题,将JRE指向对应的JRE之后,重建run config 问题解决.

目前的思路是.
1. 对杀的基础,对杀的成败是比较直接的结果,尽管不一定是决定性的.比如死活中有弃子的手段,就是说明对杀局部取胜
仍可能全局失败的例子. 但是一般而言,对杀结果有告一段落的味道.

按照最小气数分类.
2气.有枷吃和征吃等手段.
3气,枷吃,瓦吃,接不归等手段.拔钉子(吃秤砣).黄莺扑蝶,

2. 对杀的知识结合大眼死活的知识,可以解决简单的死活问题.

3. 复杂一点的死活问题.要搜索,但是单纯的搜索解决问题很困难,应为基本上变化数是阶乘(指数)增长的.

4.


要能够识别更过的终局局面,比如直三被点的情形.
有外气, 可以吃点眼之子,但结果仅有一眼. 对方可以杀死他
如果弃权,对方可以先紧外气,再一气吃.

没有外气,形式上双活.但杀棋方可以送吃点眼之子,一气吃.

要证明能点死,有一个方案即可.
要证明点不死,要考虑所有点的可能性.


2012年5月2日.
代码的组织非常重要,尤其是代码较多的时候,一定要有一个规则来决定相关的逻辑放在哪里.否则容易出现
重复的代码.所以化时间把这个规则想清楚非常有必要,也很有价值.现在是把棋盘相关的代码逻辑放在一个
类体系中,善待解决的问题是代码应该放在那个类中.因为其中还有一定的依赖关系.

棋谱的统计信息。
1 [92, 85, 19, 0, 4, 22, 33, 13, 1, 4, 4, 1, 12, 2, 1, 0, 0, 0]
2 [92, 72, 24, 0, 3, 11, 14, 12, 1, 2, 1, 1, 0, 0, 1, 1, 0, 0]
3 [97, 40, 20, 0, 4, 4, 19, 6, 1, 8, 1, 0, 7, 0, 0, 2, 0, 0]
4 [85, 56, 17, 0, 0, 4, 5, 10, 0, 3, 5, 0, 7, 0, 0, 1, 0, 0]
5 [97, 62, 30, 0, 5, 5, 19, 3, 0, 6, 3, 1, 19, 0, 0, 1, 0, 0]
6 [83, 87, 40, 0, 2, 7, 16, 9, 1, 1, 1, 1, 0, 1, 0, 0, 1, 0]
7 [96, 68, 30, 0, 2, 8, 14, 13, 3, 3, 1, 1, 29, 1, 0, 2, 0, 0]
8 [82, 41, 13, 0, 0, 6, 12, 5, 0, 1, 1, 0, 0, 0, 1, 1, 0, 0]
9 [75, 58, 26, 0, 1, 10, 12, 6, 0, 0, 1, 0, 0, 0, 0, 0, 0, 0]
10 [90, 73, 36, 0, 2, 7, 15, 11, 2, 1, 3, 0, 4, 0, 1, 1, 0, 0]
11 [97, 70, 32, 0, 2, 10, 20, 18, 1, 2, 2, 1, 6, 1, 3, 0, 1, 0]
12 [99, 69, 33, 0, 3, 13, 17, 12, 3, 2, 3, 1, 7, 0, 0, 3, 1, 0]
13 [78, 34, 16, 0, 1, 2, 5, 3, 0, 1, 1, 0, 0, 0, 0, 0, 0, 0]
14 [80, 60, 16, 0, 0, 4, 9, 9, 0, 3, 1, 0, 2, 0, 0, 0, 0, 0]
15 [94, 72, 29, 0, 6, 14, 19, 9, 2, 4, 1, 0, 2, 1, 2, 1, 1, 0]
16 [88, 52, 28, 0, 2, 6, 20, 5, 2, 3, 5, 0, 4, 0, 1, 0, 0, 0]
17 [62, 36, 8, 0, 1, 6, 7, 1, 0, 2, 0, 0, 0, 1, 0, 0, 0, 0]
18 [89, 66, 30, 0, 0, 7, 13, 10, 4, 3, 0, 0, 1, 0, 0, 0, 0, 0]
19 [87, 69, 35, 0, 1, 12, 26, 13, 1, 3, 2, 0, 5, 1, 1, 1, 1, 0]
20 [88, 75, 23, 0, 1, 2, 11, 11, 2, 3, 1, 0, 0, 0, 0, 0, 0, 0]
21 [77, 53, 19, 0, 2, 4, 12, 3, 0, 2, 2, 0, 0, 0, 0, 0, 0, 0]
22 [94, 74, 34, 0, 0, 12, 18, 18, 1, 3, 0, 2, 0, 2, 1, 0, 0, 0]
23 [96, 57, 38, 0, 6, 19, 25, 22, 3, 1, 3, 0, 9, 2, 1, 1, 1, 0]
24 [90, 46, 16, 0, 0, 3, 16, 8, 0, 0, 1, 0, 0, 1, 2, 2, 0, 0]
25 [86, 60, 27, 0, 2, 14, 20, 8, 0, 4, 2, 2, 1, 0, 1, 1, 1, 0]
26 [106, 58, 37, 0, 5, 15, 23, 10, 1, 5, 1, 0, 6, 2, 0, 2, 0, 0]
27 [83, 47, 16, 0, 2, 1, 10, 7, 0, 1, 2, 0, 18, 0, 0, 0, 0, 0]
28 [86, 88, 28, 0, 2, 13, 26, 15, 1, 4, 3, 1, 0, 1, 3, 1, 0, 0]
29 [88, 61, 14, 0, 1, 7, 14, 5, 0, 3, 0, 0, 7, 1, 0, 2, 0, 0]
30 [104, 71, 35, 0, 3, 24, 19, 23, 1, 8, 6, 0, 34, 1, 0, 2, 1, 0]
31 [89, 65, 28, 0, 3, 10, 11, 15, 0, 3, 1, 3, 1, 0, 1, 1, 1, 0]
32 [96, 46, 16, 0, 2, 4, 13, 7, 0, 5, 0, 1, 3, 0, 1, 1, 0, 0]
33 [89, 61, 12, 0, 0, 3, 11, 9, 0, 3, 3, 0, 2, 0, 0, 0, 0, 0]
34 [88, 47, 16, 0, 2, 10, 21, 7, 0, 6, 0, 0, 2, 1, 1, 1, 1, 0]
35 [97, 67, 25, 0, 5, 18, 27, 10, 2, 10, 0, 2, 32, 3, 1, 1, 0, 0]
36 [86, 54, 17, 0, 2, 4, 13, 3, 1, 1, 1, 0, 0, 1, 0, 2, 0, 0]
37 [92, 84, 27, 0, 1, 10, 10, 18, 2, 5, 5, 0, 18, 0, 2, 2, 0, 0]
38 [82, 47, 15, 0, 2, 6, 12, 5, 3, 2, 0, 0, 1, 0, 0, 0, 0, 0]
39 [93, 64, 36, 0, 3, 18, 29, 12, 0, 2, 5, 0, 32, 2, 1, 1, 0, 0]
40 [98, 55, 33, 0, 2, 19, 19, 15, 1, 1, 1, 1, 4, 1, 2, 0, 2, 0]
41 [81, 31, 9, 0, 0, 4, 13, 3, 0, 1, 2, 0, 0, 0, 0, 0, 0, 0]
42 [79, 51, 12, 0, 3, 2, 9, 3, 0, 4, 1, 0, 1, 0, 0, 0, 0, 0]
43 [79, 52, 12, 0, 2, 3, 9, 7, 0, 5, 1, 0, 1, 0, 1, 0, 1, 0]
44 [90, 52, 30, 0, 0, 3, 6, 4, 0, 1, 2, 1, 4, 0, 1, 0, 0, 0]
45 [94, 43, 14, 0, 3, 9, 16, 6, 1, 3, 1, 2, 11, 1, 1, 1, 0, 0]
46 [73, 39, 14, 0, 1, 1, 4, 1, 0, 4, 0, 0, 4, 0, 0, 0, 0, 0]
47 [78, 61, 21, 0, 1, 6, 12, 2, 1, 3, 1, 0, 0, 0, 0, 0, 0, 0]
48 [91, 84, 29, 0, 2, 14, 24, 12, 4, 4, 2, 1, 2, 3, 2, 1, 0, 0]
49 [94, 57, 30, 0, 3, 13, 11, 19, 1, 3, 0, 1, 0, 1, 0, 2, 0, 0]
50 [92, 77, 34, 0, 3, 6, 21, 9, 3, 2, 2, 1, 0, 1, 1, 2, 0, 0]
51 [79, 63, 18, 0, 2, 6, 8, 10, 0, 2, 1, 1, 0, 0, 0, 0, 0, 0]
52 [94, 62, 36, 0, 4, 17, 20, 7, 2, 3, 2, 1, 1, 0, 0, 3, 1, 0]
53 [86, 62, 19, 0, 2, 0, 6, 6, 0, 1, 2, 0, 0, 0, 0, 1, 0, 0]
54 [94, 83, 30, 0, 2, 13, 22, 15, 3, 5, 1, 0, 1, 0, 1, 1, 0, 0]
55 [87, 69, 32, 0, 4, 10, 24, 16, 1, 0, 1, 1, 0, 1, 1, 0, 0, 0]
56 [91, 77, 20, 0, 2, 5, 16, 5, 2, 6, 0, 0, 19, 1, 0, 2, 0, 0]
57 [89, 74, 30, 0, 3, 13, 15, 11, 2, 6, 1, 2, 0, 0, 1, 0, 0, 0]
58 [87, 80, 18, 0, 2, 10, 21, 11, 3, 2, 3, 1, 10, 1, 2, 2, 0, 0]
59 [95, 51, 22, 0, 2, 3, 8, 8, 0, 3, 4, 0, 9, 0, 1, 0, 0, 0]
60 [92, 55, 33, 0, 6, 11, 17, 14, 3, 2, 1, 0, 12, 0, 0, 0, 2, 0]
61 [84, 53, 19, 0, 4, 11, 14, 9, 1, 5, 1, 1, 13, 1, 0, 0, 0, 0]
62 [73, 57, 9, 0, 0, 1, 5, 1, 1, 2, 0, 0, 0, 0, 0, 0, 0, 0]
63 [82, 61, 21, 0, 4, 11, 20, 6, 1, 4, 1, 0, 1, 0, 0, 1, 0, 0]
64 [98, 62, 26, 0, 5, 9, 15, 8, 1, 2, 8, 0, 2, 2, 0, 1, 0, 0]
65 [77, 69, 31, 0, 4, 5, 11, 10, 2, 0, 1, 0, 0, 0, 0, 0, 0, 0]
66 [96, 72, 38, 0, 2, 14, 22, 17, 4, 4, 4, 2, 1, 1, 0, 0, 0, 0]
67 [92, 61, 44, 0, 1, 10, 21, 8, 1, 1, 0, 0, 0, 1, 0, 1, 0, 0]
68 [99, 67, 31, 0, 2, 5, 20, 13, 1, 5, 2, 2, 7, 2, 2, 1, 1, 0]
69 [92, 68, 29, 0, 4, 20, 33, 11, 1, 5, 1, 0, 5, 0, 2, 2, 1, 0]
70 [72, 53, 12, 0, 0, 3, 12, 1, 0, 1, 1, 0, 0, 0, 0, 0, 0, 0]
71 [95, 66, 31, 0, 4, 10, 22, 11, 2, 3, 5, 0, 10, 2, 1, 3, 0, 0]
72 [71, 37, 10, 0, 1, 2, 5, 4, 0, 1, 0, 0, 0, 0, 0, 0, 0, 0]
73 [77, 74, 31, 0, 3, 15, 23, 15, 0, 3, 1, 0, 1, 0, 0, 0, 0, 0]
74 [86, 43, 12, 0, 1, 5, 13, 6, 2, 5, 0, 0, 4, 0, 0, 0, 0, 0]
75 [87, 53, 24, 0, 1, 5, 10, 7, 0, 1, 2, 0, 0, 2, 1, 1, 0, 0]
76 [88, 60, 22, 0, 3, 11, 15, 8, 3, 4, 1, 2, 10, 1, 0, 2, 0, 0]
77 [77, 50, 16, 0, 0, 5, 9, 2, 0, 3, 1, 0, 4, 0, 0, 0, 0, 0]
78 [98, 75, 28, 0, 3, 15, 21, 15, 5, 5, 2, 0, 6, 1, 1, 1, 2, 0]
79 [95, 53, 27, 0, 2, 4, 12, 12, 0, 1, 2, 0, 1, 1, 0, 1, 0, 0]
80 [87, 77, 24, 0, 3, 13, 24, 7, 1, 6, 0, 2, 11, 0, 3, 0, 0, 0]
81 [94, 78, 30, 0, 10, 26, 26, 20, 2, 2, 5, 1, 30, 1, 0, 2, 1, 0]
82 [81, 53, 14, 0, 0, 5, 13, 1, 1, 3, 1, 0, 17, 0, 0, 0, 0, 0]
83 [95, 75, 26, 0, 5, 15, 18, 19, 3, 4, 3, 2, 24, 2, 1, 1, 0, 0]
84 [90, 68, 23, 0, 6, 5, 23, 15, 1, 1, 3, 1, 10, 1, 2, 2, 0, 0]
85 [89, 72, 35, 0, 9, 7, 18, 15, 3, 3, 1, 1, 11, 0, 1, 0, 0, 0]
86 [95, 73, 25, 0, 6, 14, 23, 18, 3, 7, 3, 1, 20, 0, 1, 1, 0, 0]
87 [85, 83, 32, 0, 3, 11, 18, 18, 0, 4, 1, 1, 0, 2, 0, 0, 0, 0]
88 [94, 81, 26, 0, 0, 15, 22, 16, 0, 9, 2, 0, 21, 3, 1, 1, 0, 0]
89 [87, 71, 21, 0, 1, 6, 14, 9, 1, 1, 4, 1, 9, 1, 0, 1, 0, 0]
90 [101, 73, 33, 0, 4, 24, 25, 16, 4, 9, 2, 0, 31, 3, 1, 1, 1, 0]
91 [93, 72, 33, 0, 9, 13, 27, 18, 3, 2, 1, 0, 1, 0, 3, 2, 0, 0]
92 [82, 57, 23, 0, 2, 7, 17, 6, 3, 4, 0, 0, 1, 0, 0, 0, 1, 0]
93 [94, 63, 26, 0, 4, 15, 25, 12, 1, 3, 2, 1, 3, 0, 0, 1, 0, 0]
94 [94, 59, 24, 0, 2, 14, 18, 11, 1, 3, 1, 0, 6, 0, 0, 1, 0, 0]
95 [86, 54, 25, 0, 2, 11, 26, 5, 2, 3, 0, 3, 9, 0, 1, 1, 0, 0]
96 [101, 47, 32, 0, 3, 9, 28, 11, 3, 6, 1, 1, 5, 0, 0, 2, 0, 0]
97 [78, 47, 10, 0, 1, 4, 7, 5, 2, 2, 0, 0, 1, 0, 0, 0, 0, 0]
98 [80, 71, 23, 0, 6, 14, 27, 11, 2, 2, 2, 1, 13, 1, 2, 1, 1, 0]
99 [83, 41, 6, 0, 1, 3, 7, 5, 0, 3, 0, 0, 9, 0, 1, 1, 0, 0]
100 [84, 74, 37, 0, 4, 14, 13, 23, 0, 1, 0, 0, 6, 1, 2, 0, 0, 0]
101 [85, 58, 14, 0, 1, 2, 9, 5, 2, 4, 0, 0, 3, 0, 0, 0, 0, 0]
102 [81, 78, 25, 0, 2, 8, 9, 11, 3, 3, 1, 1, 10, 1, 0, 0, 0, 0]
103 [88, 61, 28, 0, 3, 10, 21, 10, 0, 1, 1, 0, 0, 1, 0, 0, 0, 0]
104 [75, 82, 29, 0, 3, 6, 18, 6, 3, 1, 1, 1, 1, 1, 0, 0, 0, 0]
105 [78, 62, 12, 0, 1, 3, 9, 6, 1, 1, 0, 2, 0, 0, 0, 1, 0, 0]
106 [88, 77, 32, 0, 4, 7, 18, 14, 1, 4, 2, 1, 16, 0, 2, 2, 0, 0]
107 [87, 72, 25, 0, 0, 6, 20, 13, 1, 1, 2, 0, 4, 1, 1, 1, 0, 0]
108 [75, 68, 18, 0, 1, 2, 9, 5, 0, 1, 3, 0, 0, 0, 0, 0, 0, 0]
109 [79, 46, 13, 0, 3, 3, 12, 5, 0, 0, 1, 0, 1, 0, 1, 0, 1, 0]
110 [94, 62, 25, 0, 4, 8, 19, 9, 3, 6, 2, 0, 2, 1, 0, 1, 0, 0]
111 [89, 64, 21, 0, 1, 6, 10, 9, 0, 2, 1, 0, 1, 1, 2, 1, 0, 0]
112 [98, 85, 31, 0, 4, 13, 25, 16, 0, 5, 2, 1, 28, 0, 3, 3, 1, 0]
113 [98, 65, 24, 0, 1, 14, 21, 18, 2, 7, 1, 0, 0, 0, 1, 2, 0, 0]
114 [95, 76, 29, 0, 7, 13, 20, 14, 2, 4, 5, 0, 3, 1, 1, 1, 2, 0]
115 [83, 63, 23, 0, 4, 13, 15, 18, 2, 2, 0, 0, 20, 0, 2, 0, 0, 0]
116 [83, 81, 27, 0, 2, 8, 18, 14, 4, 0, 2, 2, 0, 0, 1, 0, 0, 0]
117 [100, 58, 34, 0, 7, 11, 24, 6, 2, 2, 2, 2, 13, 1, 0, 2, 1, 0]
118 [82, 75, 26, 0, 5, 12, 18, 24, 1, 0, 2, 0, 13, 0, 2, 1, 0, 0]
119 [97, 61, 24, 0, 2, 8, 10, 12, 1, 3, 2, 0, 0, 1, 2, 0, 0, 0]
120 [98, 58, 32, 0, 3, 20, 25, 16, 2, 3, 0, 1, 12, 0, 0, 3, 0, 0]
121 [80, 53, 18, 0, 0, 0, 7, 6, 1, 2, 1, 0, 6, 0, 0, 0, 1, 0]
122 [86, 54, 12, 0, 1, 5, 6, 8, 1, 2, 1, 0, 2, 2, 0, 1, 0, 0]
123 [98, 58, 26, 0, 2, 13, 16, 14, 3, 5, 3, 0, 12, 0, 1, 1, 0, 0]
124 [80, 57, 16, 0, 3, 3, 10, 7, 3, 2, 0, 0, 1, 1, 0, 0, 0, 0]
125 [87, 71, 29, 0, 2, 11, 15, 19, 2, 2, 1, 1, 1, 0, 0, 0, 0, 0]
126 [85, 48, 10, 0, 1, 7, 12, 3, 0, 3, 1, 0, 2, 0, 0, 1, 0, 0]
127 [96, 61, 26, 0, 4, 13, 23, 10, 2, 4, 1, 1, 11, 2, 2, 0, 0, 0]
128 [85, 77, 39, 0, 3, 10, 17, 13, 0, 2, 0, 0, 16, 1, 0, 2, 0, 0]
129 [96, 71, 38, 0, 1, 11, 15, 13, 1, 0, 6, 0, 0, 0, 1, 0, 0, 0]
130 [80, 30, 6, 0, 0, 1, 4, 1, 0, 3, 1, 1, 3, 0, 0, 2, 0, 0]
131 [93, 70, 25, 0, 3, 21, 22, 25, 4, 5, 0, 0, 0, 0, 0, 1, 0, 0]
132 [94, 56, 24, 0, 4, 12, 12, 16, 1, 3, 4, 1, 7, 1, 0, 2, 0, 0]
133 [63, 43, 1, 0, 0, 2, 1, 2, 0, 3, 0, 0, 0, 0, 0, 0, 0, 0]
134 [49, 25, 7, 0, 0, 2, 4, 7, 0, 0, 0, 0, 0, 0, 0, 0, 0, 0]
135 [83, 75, 29, 0, 5, 11, 21, 11, 1, 3, 2, 0, 2, 0, 1, 3, 0, 0]
136 [94, 70, 33, 0, 9, 11, 23, 18, 2, 4, 1, 1, 13, 2, 1, 1, 0, 0]
137 [90, 78, 15, 0, 1, 6, 13, 6, 4, 2, 3, 1, 2, 0, 0, 1, 0, 0]
138 [97, 65, 30, 0, 2, 8, 13, 6, 1, 3, 1, 0, 0, 1, 0, 5, 0, 0]
139 [92, 75, 25, 0, 2, 9, 14, 5, 0, 3, 3, 0, 11, 0, 0, 4, 2, 0]
140 [101, 56, 19, 0, 3, 10, 16, 8, 1, 3, 4, 0, 4, 2, 1, 0, 0, 0]
141 [64, 49, 12, 0, 1, 0, 1, 3, 0, 1, 0, 0, 0, 0, 0, 0, 0, 0]
142 [101, 66, 36, 0, 6, 6, 21, 9, 2, 4, 3, 0, 2, 2, 2, 0, 0, 0]
143 [77, 53, 14, 0, 1, 0, 9, 1, 1, 4, 1, 0, 1, 1, 0, 1, 0, 0]
144 [87, 46, 15, 0, 1, 6, 8, 12, 0, 3, 1, 1, 0, 0, 0, 0, 0, 0]
145 [101, 69, 24, 0, 1, 11, 21, 11, 0, 2, 4, 1, 1, 0, 2, 0, 1, 0]
146 [89, 58, 20, 0, 0, 7, 14, 8, 0, 4, 1, 1, 8, 0, 0, 1, 0, 0]
147 [72, 31, 9, 0, 0, 3, 5, 4, 0, 4, 1, 0, 6, 0, 1, 0, 0, 0]
148 [86, 59, 30, 0, 2, 10, 17, 13, 0, 4, 2, 1, 0, 0, 2, 0, 0, 0]
149 [82, 63, 22, 0, 3, 9, 19, 14, 2, 2, 3, 0, 2, 0, 0, 0, 0, 0]
150 [106, 60, 27, 0, 4, 22, 28, 15, 0, 11, 2, 0, 11, 1, 0, 1, 1, 0]
151 [76, 46, 9, 0, 1, 2, 13, 2, 0, 2, 1, 1, 0, 0, 0, 0, 0, 0]
152 [93, 52, 17, 0, 0, 11, 10, 6, 3, 5, 0, 0, 3, 1, 1, 1, 1, 0]
153 [95, 89, 36, 0, 1, 7, 18, 11, 2, 0, 1, 0, 0, 2, 0, 2, 0, 0]
154 [85, 81, 28, 0, 2, 8, 23, 13, 1, 2, 0, 1, 0, 0, 0, 3, 0, 0]
155 [72, 37, 13, 0, 1, 4, 5, 5, 0, 3, 0, 0, 0, 0, 0, 0, 0, 0]
156 [86, 62, 25, 0, 5, 15, 21, 12, 1, 3, 1, 0, 1, 0, 0, 1, 0, 0]
157 [85, 76, 27, 0, 0, 13, 14, 14, 1, 0, 3, 0, 0, 0, 2, 0, 0, 0]
158 [96, 69, 23, 0, 4, 22, 25, 18, 1, 3, 4, 0, 9, 0, 1, 5, 0, 0]
159 [100, 73, 20, 0, 1, 17, 25, 15, 2, 7, 6, 0, 10, 1, 0, 0, 0, 0]
160 [80, 84, 26, 0, 5, 10, 26, 13, 0, 3, 1, 0, 4, 0, 2, 1, 0, 0]
161 [100, 55, 21, 0, 3, 21, 23, 14, 3, 4, 2, 1, 28, 1, 0, 3, 1, 0]
162 [87, 63, 25, 0, 1, 13, 19, 13, 2, 3, 4, 1, 6, 0, 0, 0, 0, 0]
163 [91, 68, 30, 0, 1, 20, 26, 15, 2, 1, 0, 0, 0, 0, 1, 1, 0, 0]
164 [90, 84, 27, 0, 7, 17, 24, 22, 0, 5, 2, 1, 27, 2, 0, 0, 1, 0]
165 [87, 67, 33, 0, 4, 5, 14, 13, 0, 2, 2, 2, 0, 0, 1, 1, 0, 0]
166 [89, 53, 17, 0, 2, 9, 13, 11, 0, 2, 5, 0, 0, 1, 1, 0, 0, 0]
167 [90, 76, 33, 0, 1, 4, 13, 16, 3, 3, 1, 0, 1, 1, 0, 2, 1, 0]
168 [88, 60, 29, 0, 0, 12, 16, 10, 3, 1, 1, 0, 0, 1, 2, 0, 0, 0]
169 [101, 74, 27, 0, 1, 10, 22, 14, 2, 7, 4, 0, 5, 1, 3, 1, 0, 0]
170 [84, 56, 23, 0, 3, 17, 26, 13, 0, 6, 0, 3, 25, 0, 0, 0, 0, 0]
171 [82, 55, 19, 0, 1, 3, 6, 10, 0, 1, 2, 0, 0, 0, 0, 1, 0, 0]
172 [90, 70, 38, 0, 2, 11, 17, 11, 0, 3, 3, 0, 0, 0, 1, 1, 0, 0]
173 [98, 70, 23, 0, 7, 23, 23, 17, 3, 9, 4, 1, 3, 1, 2, 0, 1, 0]
174 [71, 43, 11, 0, 1, 5, 11, 4, 0, 1, 0, 0, 5, 0, 0, 0, 1, 0]
175 [83, 72, 33, 0, 2, 9, 20, 10, 1, 4, 0, 1, 1, 1, 0, 0, 0, 0]
176 [81, 55, 17, 0, 1, 5, 9, 4, 2, 3, 0, 1, 3, 0, 0, 0, 0, 0]
177 [85, 68, 29, 0, 2, 17, 26, 10, 3, 3, 2, 0, 5, 0, 2, 0, 0, 0]
178 [84, 50, 16, 0, 2, 5, 12, 5, 2, 2, 0, 0, 1, 0, 0, 0, 0, 0]
179 [98, 80, 28, 0, 9, 13, 23, 22, 2, 3, 4, 1, 27, 3, 1, 3, 0, 0]
180 [84, 42, 15, 0, 1, 5, 8, 7, 0, 0, 2, 0, 0, 0, 0, 0, 0, 0]
181 [83, 76, 31, 0, 0, 7, 12, 13, 2, 1, 0, 0, 0, 0, 0, 0, 0, 0]
182 [89, 61, 17, 0, 1, 5, 11, 8, 1, 1, 0, 2, 0, 0, 1, 0, 0, 0]
183 [75, 43, 12, 0, 4, 7, 14, 4, 0, 3, 0, 0, 0, 0, 0, 0, 1, 0]
184 [81, 46, 20, 0, 3, 5, 8, 7, 0, 3, 2, 1, 7, 0, 1, 0, 0, 0]
185 [100, 59, 35, 0, 5, 14, 23, 9, 1, 9, 1, 0, 3, 0, 0, 3, 0, 0]
186 [102, 70, 13, 0, 2, 8, 15, 8, 0, 8, 3, 0, 14, 0, 2, 1, 0, 0]
187 [89, 73, 33, 0, 3, 21, 19, 25, 0, 4, 3, 0, 0, 0, 1, 2, 1, 0]
188 [94, 72, 21, 0, 3, 13, 22, 7, 2, 5, 4, 0, 7, 2, 1, 2, 0, 0]
189 [83, 45, 16, 0, 3, 0, 8, 5, 3, 3, 0, 0, 0, 0, 0, 1, 0, 0]
190 [90, 70, 22, 0, 3, 14, 18, 12, 2, 7, 4, 1, 7, 0, 0, 1, 0, 0]
191 [80, 53, 17, 0, 1, 5, 8, 11, 3, 1, 1, 0, 4, 0, 0, 0, 0, 0]
192 [78, 61, 20, 0, 4, 5, 16, 6, 1, 1, 1, 0, 0, 1, 0, 1, 0, 0]
193 [87, 68, 27, 0, 3, 8, 19, 10, 1, 3, 2, 0, 7, 1, 0, 2, 0, 0]
194 [88, 71, 26, 0, 3, 14, 15, 12, 0, 3, 4, 1, 6, 0, 0, 2, 2, 0]
195 [91, 63, 22, 0, 1, 12, 17, 17, 2, 4, 1, 0, 2, 0, 0, 1, 0, 0]
196 [91, 50, 14, 0, 0, 4, 7, 10, 1, 2, 2, 1, 7, 0, 0, 0, 0, 0]
197 [93, 37, 17, 0, 3, 4, 12, 11, 2, 2, 0, 0, 3, 0, 1, 1, 0, 0]
198 [83, 45, 16, 0, 3, 0, 8, 5, 3, 3, 0, 0, 0, 0, 0, 1, 0, 0]
199 [105, 64, 26, 0, 3, 15, 25, 14, 0, 7, 3, 1, 14, 1, 3, 2, 1, 0]
200 [90, 68, 23, 0, 2, 6, 12, 4, 3, 2, 2, 2, 18, 0, 0, 2, 0, 0]
201 [89, 59, 23, 0, 0, 2, 8, 4, 0, 2, 2, 0, 7, 0, 0, 0, 1, 0]
202 [82, 72, 22, 0, 0, 2, 12, 3, 1, 0, 0, 0, 3, 1, 0, 0, 0, 0]
203 [93, 74, 24, 0, 4, 20, 18, 14, 4, 8, 1, 2, 6, 2, 0, 4, 1, 0]
204 [73, 41, 12, 0, 0, 3, 4, 3, 0, 1, 0, 0, 0, 0, 0, 0, 0, 0]
205 [100, 67, 29, 0, 4, 10, 23, 10, 1, 7, 1, 1, 13, 2, 3, 3, 0, 0]
206 [86, 60, 26, 0, 4, 11, 12, 13, 3, 2, 0, 2, 1, 0, 0, 0, 1, 0]
207 [85, 44, 18, 0, 0, 2, 10, 2, 1, 1, 0, 0, 0, 0, 0, 1, 0, 0]
208 [80, 53, 13, 0, 4, 6, 8, 4, 1, 4, 6, 0, 8, 0, 0, 0, 0, 0]
209 [87, 69, 16, 0, 5, 6, 12, 7, 2, 1, 4, 0, 0, 1, 0, 0, 1, 0]
210 [91, 44, 12, 0, 3, 3, 8, 6, 1, 2, 3, 1, 7, 0, 0, 0, 0, 0]
211 [106, 74, 27, 0, 5, 17, 22, 15, 1, 6, 8, 0, 28, 2, 1, 0, 1, 0]
212 [75, 47, 14, 0, 0, 3, 6, 2, 0, 2, 0, 0, 3, 0, 0, 1, 0, 0]
213 [85, 89, 25, 0, 3, 14, 19, 15, 1, 4, 0, 1, 3, 0, 4, 4, 0, 0]
214 [93, 76, 17, 0, 1, 6, 18, 6, 1, 7, 4, 0, 7, 0, 1, 0, 0, 0]
215 [97, 69, 24, 0, 5, 23, 32, 16, 3, 3, 3, 3, 1, 1, 1, 2, 0, 0]
216 [89, 85, 29, 0, 6, 18, 28, 16, 0, 6, 5, 0, 24, 4, 0, 0, 0, 0]
217 [88, 59, 12, 0, 0, 9, 11, 9, 2, 2, 2, 0, 1, 1, 0, 1, 0, 0]
218 [94, 76, 32, 0, 4, 16, 23, 12, 1, 5, 1, 0, 2, 0, 0, 3, 0, 0]
219 [83, 44, 12, 0, 1, 6, 7, 9, 1, 0, 1, 1, 1, 0, 0, 0, 0, 0]
220 [81, 77, 31, 0, 2, 12, 21, 7, 1, 2, 3, 1, 0, 0, 0, 1, 0, 0]
221 [92, 70, 33, 0, 8, 10, 15, 19, 1, 1, 5, 1, 0, 2, 1, 0, 0, 0]
222 [91, 53, 17, 0, 1, 6, 12, 7, 1, 3, 3, 1, 1, 0, 0, 2, 0, 0]
223 [92, 73, 38, 0, 4, 4, 13, 13, 1, 5, 3, 0, 9, 0, 0, 2, 0, 0]
224 [94, 74, 33, 0, 5, 16, 14, 13, 0, 5, 1, 0, 16, 3, 2, 3, 0, 0]
225 [91, 66, 28, 0, 8, 8, 28, 11, 2, 4, 3, 2, 4, 1, 1, 2, 1, 0]
226 [103, 54, 21, 0, 4, 17, 23, 20, 1, 7, 3, 1, 0, 1, 2, 0, 0, 0]
227 [68, 34, 15, 0, 0, 0, 3, 3, 0, 0, 1, 0, 0, 0, 0, 0, 0, 0]
228 [86, 60, 13, 0, 1, 1, 4, 8, 1, 2, 1, 1, 1, 0, 0, 2, 0, 0]
229 [77, 61, 19, 0, 1, 5, 13, 7, 0, 2, 1, 0, 3, 0, 0, 0, 0, 0]
230 [92, 68, 34, 0, 6, 8, 10, 14, 3, 3, 2, 1, 0, 0, 0, 3, 0, 0]
231 [64, 52, 14, 0, 1, 2, 6, 4, 0, 1, 2, 1, 0, 1, 1, 0, 0, 0]
232 [89, 68, 19, 0, 1, 5, 18, 5, 2, 2, 4, 1, 4, 0, 0, 0, 0, 0]
233 [76, 46, 10, 0, 1, 2, 3, 1, 0, 2, 1, 0, 0, 0, 0, 1, 0, 0]
234 [100, 73, 30, 0, 2, 8, 17, 16, 0, 4, 1, 3, 10, 1, 0, 2, 0, 0]
235 [85, 81, 29, 0, 5, 7, 20, 12, 1, 2, 2, 0, 3, 1, 0, 4, 0, 0]
236 [85, 56, 15, 0, 3, 3, 12, 5, 1, 1, 0, 1, 13, 1, 0, 1, 1, 0]
237 [93, 48, 21, 0, 1, 4, 16, 6, 0, 3, 1, 0, 5, 1, 1, 1, 1, 0]
238 [75, 47, 17, 0, 1, 1, 3, 1, 0, 2, 0, 0, 3, 0, 0, 0, 0, 0]
239 [70, 46, 13, 0, 0, 5, 12, 3, 0, 1, 1, 0, 0, 2, 0, 0, 0, 0]
240 [87, 65, 17, 0, 2, 4, 15, 7, 1, 3, 1, 1, 5, 0, 0, 0, 0, 0]
241 [92, 73, 29, 0, 2, 6, 18, 15, 0, 5, 3, 0, 28, 2, 1, 1, 0, 0]
242 [86, 45, 18, 0, 1, 7, 11, 4, 0, 7, 1, 0, 19, 0, 1, 1, 0, 0]
243 [82, 68, 18, 0, 2, 14, 26, 11, 1, 1, 2, 0, 14, 1, 0, 0, 0, 0]
244 [88, 64, 14, 0, 2, 5, 19, 8, 1, 2, 0, 0, 8, 0, 1, 2, 0, 0]
245 [79, 29, 13, 0, 3, 2, 6, 7, 0, 1, 1, 0, 0, 0, 0, 0, 0, 0]
246 [92, 72, 20, 0, 6, 8, 25, 8, 2, 6, 6, 0, 16, 0, 0, 0, 0, 0]
247 [95, 82, 25, 0, 2, 20, 20, 10, 2, 5, 4, 2, 25, 3, 1, 4, 1, 0]
248 [88, 81, 24, 0, 4, 9, 22, 10, 1, 7, 3, 0, 26, 1, 0, 2, 0, 0]
249 [91, 63, 28, 0, 1, 18, 17, 21, 1, 1, 1, 0, 10, 1, 1, 2, 0, 0]
250 [89, 67, 18, 0, 4, 14, 18, 12, 1, 4, 3, 2, 10, 2, 0, 0, 0, 0]
251 [93, 68, 31, 0, 5, 15, 24, 11, 3, 5, 3, 0, 3, 1, 0, 1, 0, 0]
252 [79, 60, 17, 0, 2, 5, 11, 4, 1, 5, 0, 0, 1, 1, 0, 1, 0, 0]
253 [83, 59, 14, 0, 1, 8, 9, 9, 0, 3, 0, 0, 7, 0, 0, 0, 0, 0]
254 [91, 81, 22, 0, 2, 6, 23, 6, 2, 4, 0, 0, 12, 0, 0, 4, 1, 0]
255 [95, 59, 23, 0, 1, 10, 21, 5, 0, 7, 2, 0, 17, 0, 1, 2, 0, 0]
256 [82, 43, 10, 0, 1, 2, 8, 3, 2, 2, 1, 0, 5, 0, 1, 1, 0, 0]
257 [83, 45, 13, 0, 0, 8, 18, 7, 1, 6, 1, 1, 7, 1, 1, 3, 0, 0]
258 [91, 87, 33, 0, 4, 13, 24, 14, 3, 3, 5, 0, 11, 1, 2, 3, 0, 0]
259 [83, 51, 13, 0, 2, 6, 10, 10, 2, 0, 0, 0, 7, 1, 0, 1, 0, 0]
260 [97, 61, 33, 0, 1, 12, 20, 15, 1, 2, 1, 2, 2, 1, 1, 1, 0, 0]
261 [83, 86, 29, 0, 1, 9, 19, 9, 3, 2, 0, 0, 6, 0, 0, 1, 1, 0]
262 [101, 71, 23, 0, 5, 18, 20, 16, 2, 5, 4, 1, 13, 0, 1, 2, 0, 0]
263 [84, 40, 14, 0, 1, 4, 11, 6, 0, 0, 2, 0, 0, 2, 0, 1, 0, 0]
maxCount16;  file index68
